(0,0) 0.215657
(0,1) -0.0646465
(0,2) -0.0646465
(0,3) -0.0646465
(1,1) 1.06882
(1,0) -0.0646465
(1,2) 0.23015
(1,3) 0.23015
(1,4) 0.259588
(1,5) -0.00723683
(1,7) -0.00723683
(2,2) 1.06882
(2,0) -0.0646465
(2,1) 0.23015
(2,3) 0.23015
(2,4) 0.259588
(2,6) -0.00723683
(2,7) -0.00723684
(3,3) 1.06882
(3,0) -0.0646465
(3,1) 0.23015
(3,2) 0.23015
(3,4) 0.259588
(3,5) -0.00723684
(3,6) -0.00723684
(4,4) 1.15314
(4,1) 0.259588
(4,2) 0.259588
(4,3) 0.259588
(4,5) -0.00549349
(4,6) -0.00549349
(4,7) -0.00549349
(5,5) 0.404892
(5,1) -0.00723683
(5,3) -0.00723684
(5,4) -0.00549349
(6,6) 0.404892
(6,2) -0.00723683
(6,3) -0.00723684
(6,4) -0.00549349
(7,7) 0.404892
(7,1) -0.00723683
(7,2) -0.00723684
(7,4) -0.00549349
